4751
8104
1529
6529
4227
7466
1074
5937
4206
7602
8369
8569
5938
6778
8909
8658
496
4686
4724
2407
7594
3242
5156
3405
6105
6849
6195
210
5220
4621
9445
5838
9946
3810
6372
4757
6143
5190
8019
2313
4654
281
7976
9203
4401
4513
2415
6111
6281
7842
8670
813
9244
7732
6771
4723
2919
4437
1935
5376
7222
2364
7534
5962
1164
919
6618
7143
6260
7702
5571
5981
6610
7144
6980
1537
4053
9416
8213
2
5639
1230
9707
7252
6562
7439
2122
5382
1073
7254
4933
1361
9371
1562
2904
9944
3607
107
2612
4936
5464
4534
2908
9792
6058
7741
6262
3699
4683
5126
7954
8255
1750
1357
8329
7482
9698
9766
5798
1831
5578
8650
5265
7558
3822
2430
8206
4721
6787
1559
688
9230
124
4523
5123
2268
7872
4733
7791
9146
6669
6117
1708
7580
5721
8295
2656
648
6811
1399
5769
1351
5678
5871
9428
8011
6307
1690
2171
1859
2581
7620
4639
7378
975
2466
7643
9511
1462
342
4908
8813
915
3299
397
1828
4853
9799
8865
6960
3157
4409
2383
7255
9535
8056
7469
5301
3392
3870
5977
8027
4185
450
253
4567
6650
7845
1334
3983
5870
2120
7453
7530
3829
8670
7377
4282
745
9024
9861
3098
8828
1927
2027
8954
7641
5295
9828
9765
9765
1022
9878
130
2585
3539
8032
1694
4468
8766
9348
5175
8222
2563
7566
7563
2810
3368
1154
8251
2749
4718
8388
1799
6186
7009
9990
129
4123
2364
1850
2670
212
3150
8304
4124
1089
344
8393
2886
1594
3156
3815
9632
4247
8608
4612
4555
4931
1020
9565
4811
6747
454
5818
6844
6055
7314
3032
2362
8837
1020
4111
5923
8841
5538
4511
7753
9215
3014
398
1767
8897
8864
118
3576
7249
3533
7381
3519
2865
8392
4490
5706
7335
861
4333
1871
8092
958
9409
2304
2915
6176
9744
2830
7213
4130
5146
7514
4728
5490
2915
2306
4928
3686
2284
2474
6486
7959
2542
1683
8301
4848
82
1929
8402
3264
8490
3834
7774
1061
6134
8165
9349
5885
2848
5976
6858
1544
3367
2922
9436
6184
1429
6595
7786
4314
8488
496
9717
8461
5287
3533
3688
2115
7358
4938
9714
8809
1639
5106
9441
4936
7976
2693
1657
3130
7830
2256
2325
9140
3678
6061
8302
818
6772
2996
40
1151
4958
407
2994
2294
4504
3484
3043
9745
9448
2918
5080
8319
488
3099
2813
6365
5839
859
240
819
7040
140
4891
9848
1637
8521
9991
3859
9821
3433
5199
9903
1132
3472
6815
5017
6150
1038
7483
5500
3073
5420
5901
7067
9620
8357
4543
687
4913
8230
517
3347
3232
9139
8411
8923
386
484
9529
1907
4239
3726
125
3300
1374
4504
3002
5589
279
5665
9720
7776
9454
2686
5821
9558
3841
7952
1351
8486
2055
7518
1576
869
2310
197
3112
5613
1608
5493
2223
5651
48
1568
3650
7808
7026
7000
3647
7424
1802
3876
7336
7979
7371
7189
4307
9324
1754
602
4202
9713
3420
8351
9827
999
3499
4146
5663
4849
5675
3996
5510
5310
2757
5440
1430
4445
1411
2127
1340
7279
9232
9347
4404
4891
7996
614
4555
3978
5934
9396
7172
1250
174
3838
560
4261
1429
8469
6494
7489
5842
8544
2823
6572
4825
1862
1898
2617
4556
9689
1467
5280
840
1432
8935
3287
7456
5460
4012
2407
6281
4448
596
4465
6099
1845
7644
9804
1879
1326
6612
7643
6678
2
9045
7137
5487
4068
8362
2588
9167
1497
9310
7334
334
6390
7492
7831
1096
9246
2102
2098
2453
1033
5006
4229
9440
6775
5508
2648
7521
8635
5558
1578
5729
8784
5719
9768
9439
5830
2103
9824
7123
8567
3663
1551
8439
3420
1870
8080
3110
9887
5336
3132
5708
3253
4884
4624
2947
3345
9384
723
5325
3763
111
1526
6084
6349
3205
8815
6231
2387
7519
7885
3416
7009
7534
9080
98
2494
9707
4642
5295
3974
3109
9420
5426
1482
3012
2972
9467
115
5745
6507
3266
7204
2883
6693
9714
7414
2772
9776
9393
1666
2124
9096
2342
865
7388
8803
9022
1951
216
33
4138
4651
6252
841
6390
2840
7167
7811
859
1243
1162
9533
8138
7256
7074
2916
3990
2491
9696
7151
7393
5879
9173
5171
8317
1620
5719
6645
165
8645
6344
3067
9919
9993
9076
3152
5798
5179
9031
5667
2045
67
7255
4833
5297
6693
6582
3445
9142
2351
1006
5903
3880
7022
9306
5283
884
6711
1210
2363
7082
9738
9329
2484
93
3316
2016
8006
7998
4214
5005
5763
4508
999
5545
3691
141
560
431
7989
439
8395
8530
3039
2328
2618
3577
9148
3869
8689
6245
8071
2865
8539
1713
539
808
3228
3257
2783
4336
7776
7199
1241
6748
6199
8919
5375
7459
7459
3125
6671
1583
9414
9220
3702
3827
7324
6179
8296
1839
2857
6065
4428
3412
628
554
1623
9169
619
2559
7142
982
7330
4083
2542
3930
1185
8065
9836
5603
6070
6749
1920
7806
2043
6004
5732
6566
3527
364
6375
2699
3821
4829
2287
3002
9825
6304
93
9704
2653
6637
9800
300
4531
1631
7370
5547
4526
3758
2175
7582
8276
1816
7224
5729
5923
7982
8909
8800
2692
403
1010
4991
9984
1347
8829
7525
4481
1880
1619
2366
7945
2110
2206
1598
3595
7836
2947
2154
4506
9102
4218
6856
9246
7941
6820
4398
1650
4184
438
2477
9101
9110
2221
3713
7577
8534
4704
1264
3302
5022
7814
2484
1986
228
2122
6557
2071
9407
7673
3756
5843
6396
3454
8782
5790
9210
7835
3590
9033
9725
4971
5901
7252
2092
6946
8252
8910
8580
1381
3915
6276
3682
2024
7501
8646
7076
4352
2615
5560
4590
2244
6172
5564
5451
1343
4437
5593
4304
6863
1268
6281
8121
1563
6823
2392
4398
2077
2013
3769
2964
9394
2087
4656
9029
4927
6153
5151
843
7677
1703
1927
9580
614
3265
3157
6532
4165
4540
1847
628
5485
4305
8699
5899
8751
3051
1649
1780
6818
3993
1897
2054
9755
3400
167
2426
8569
7078
7248
7139
9846
6842
7784
5990
9827
6983
6126
5897
5765
4511
2505
1303
5599
7037
5811
380
1345
4313
7860
9133
1603
9158
64
3428
3635
2279
8649
4101
1471
4701
8599
5235
4169
6968
3749
4657
7932
654
5713
7722
3963
218
5484
3072
2922
1687
6386
1604
9009
9962
6009
8512
1725
513
3960
5583
4658
5758
6016
8396
6305
9856
4991
8822
5069
4237
2958
5073
4978
9918
3152
3637
4678
532
3303
1966
7023
1539
589
8595
5126
1130
2399
9366
4166
3394
7908
4207
1800
7443
5890
86
1014
4130
1981
5807
747
2211
4503
8104
7280
3530
7840
1647
4848
7166
3716
8867
6584
2717
4261
1833
1400
6979
9418
2356
5533
622
4140
1503
1117
1108
2324
9510
9503
6937
6716
2826
3346
1255
7006
9423
701
8237
899
7474
14
4379
1029
5167
2577
5471
6701
4558
1103
5570
2107
1503
3336
9129
817
6602
6008
7008
5160
4412
6943
4796
7710
7285
860
1153
1002
5673
3406
5398
4016
9948
4632
1131
804
4550
7740
8432
2693
6571
5645
6774
9332
7821
3294
8514
3259
4161
3687
8335
6739
8913
8905
3401
871
1604
1826
8645
192
6344
676
6472
3939
6579
5473
9476
5957
8439
9171
495
6946
4782
6028
92
6778
2868
3089
6240
2279
1710
5669
652
2050
6464
2081
2715
3116
9881
6233
1306
1087
3535
2715
8390
5756
2237
7989
2272
1957
8398
6375
7185
1680
1755
2423
6363
1394
3979
5325
8144
4475
5106
6868
4193
7784
5069
2254
1121
7424
9390
4544
1663
6190
2928
1141
9687
5057
7370
6984
2659
4314
3387
4547
4068
7925
2698
2347
5326
8858
9942
2567
5325
5055
7609
681
8349
801
3565
465
5779
9936
394
6552
4956
3735
1537
1798
3824
963
6331
4322
9112
3897
6953
498
2185
8449
7636
8095
5248
9991
8053
2985
9783
74
5278
8139
4103
3811
1335
7499
5153
8226
8212
4761
8603
5433
8749
1009
9292
5631
4729
8403
137
4906
5963
2387
7290
3605
7837
3155
6696
3075
1675
489
5554
2702
5938
5789
6010
1236
9968
4222
9978
5116
5346
3358
1954
164
4403
3201
8510
757
9173
7213
560
8157
4947
3326
6059
7078
1025
8369
4157
9054
4425
4751
814
3741
6135
689
7363
6662
1314
261
211
9887
7170
4677
4350
3689
8896
8968
6002
6506
4454
6541
6896
3308
6240
8444
3650
5761
171
2756
4910
9786
8595
7047
3385
4552
5848
8437
155
9336
9021
9223
2903
4633
6657
8422
1365
4661
7101
2372
7454
5704
3952
4194
7089
9857
4266
7320
4168
965
7589
9934
8094
6279
3186
883
3451
5141
8193
5150
496
6885
5186
2173
5592
9822
9979
1933
6352
5962
17
6180
6492
6768
3058
6433
7225
982
5307
8504
8119
7847
4800
1737
5026
3495
9256
1620
8207
2349
3396
1548
6112
2353
535
4568
1354
7042
8293
2711
8698
4802
8046
8778
6367
3710
7019
9515
2407
403
5117
5523
3046
7208
7741
2702
3361
2887
3110
1512
9985
7416
9789
542
451
4948
2516
3627
382
1210
9101
3341
5809
5342
81
8595
1063
1693
1310
6111
6577
8756
8636
7062
1007
9528
999
3565
8798
6957
77
8071
6552
1916
4257
4167
1391
770
9547
4499
7918
3609
6683
3336
6314
1424
4998
1455
8603
3862
5671
4768
7127
2490
149
8449
9278
2960
6494
6340
3566
7807
5594
5638
5287
8547
7720
8100
1441
8362
4057
9802
9013
8869
2354
2688
1825
9436
8851
9908
9224
9946
7180
8226
2117
6393
6773
5566
5957
1034
1647
4437
4607
285
8730
2250
8014
7754
3859
7849
86
4799
5731
5229
3069
4966
3954
6651
8526
5874
2815
385
8217
4475
2327
8476
2866
9273
5251
1108
2666
1086
6250
9607
6453
7951
9283
6986
4659
1317
9066
8651
7319
1007
1354
2016
1598
528
3460
2707
41
9317
9464
4227
8559
7263
4869
112
2999
8864
1984
8914
5332
8853
5322
7625
8276
1306
2607
7908
8893
2074
7001
9004
8963
6660
1345
405
997
7668
1223
7376
5013
8214
7664
5459
7389
4528
2178
8138
384
6920
4857
4234
6378
4991
280
5570
5712
373
1084
8619
6611
3936
2270
5765
3042
6904
9887
2389
7549
2320
9639
7051
7137
9283
7547
3567
8789
752
5508
1463
7
5376
3539
4061
8695
5485
2937
3510
7392
1570
7990
8781
2726
2654
1999
3369
9703
1241
6703
890
2316
6071
6563
3631
686
668
2075
2628
1779
637
8829
2098
965
2768
684
7324
3039
7199
3649
4971
7011
1345
6491
5794
303
6122
4527
5474
7710
8373
8917
2805
4839
1355
4323
4572
9551
5559
2538
2415
2445
8832
2216
8519
3381
4113
5113
9925
1973
6578
5264
8512
9796
7418
417
497
6139
9781
1088
8874
1492
1231
6834
4139
450
1918
7855
1598
6442
694
20
3087
1025
7053
2205
810
9347
8732
9648
3695
1312
9809
9903
2111
5699
3007
2717
8048
3144
1774
1955
7320
8472
4254
6021
6594
1975
4073
5925
5661
2541
7066
8668
2606
838
2244
1154
7619
9419
8344
7851
406
4976
6205
2497
490
2852
7691
5280
5196
9861
527
5902
24
5066
6012
4318
4075
3071
9050
6774
7443
6183
5841
9938
5059
2992
9994
6978
6565
4745
9156
482
640
8072
5114
4890
4355
1184
9699
5114
3604
3632
3224
2206
5297
3742
4018
654
1105
1425
4104
2181
9269
6763
2008
2313
2512
55
8130
9171
8977
2696
7367
5243
3736
6007
7329
9434
11
3913
7279
2243
684
8973
6125
9986
6949
1133
4938
52
6573
9275
3909
1609
82
4773
3322
5988
8846
9979
6531
8766
8991
7648
4219
5775
4990
9186
806
5986
4539
8328
829
5279
7492
7718
2095
6635
9791
6998
8964
5360
448
9862
4460
2663
9500
4079
1692
1889
6052
5848
4334
989
5302
5324
9258
7447
3352
8256
3748
362
8552
3453
8215
407
9400
5786
7763
1518
7108
3038
3131
4873
4532
568
9748
9228
4343
9737
1831
8057
7501
6792
8737
2219
9034
2407
2103
8949
7037
8678
8539
737
1296
0
867
2842
7565
1071
8166
5737
2954
2056
923
6716
8128
4585
2754
9784
5539
6251
1898
4503
987
8085
1120
2203
4759
1310
3450
3291
110
4270
9776
7645
6841
50
7294
1089
8504
9957
9737
1783
7008
862
1092
3847
6620
2427
7491
8765
6054
221
575
7828
2359
2210
6106
3012
6502
2281
3383
3815
3164
8739
5411
5539
7282
2334
2954
638
6566
6965
1361
9443
3813
2080
1073
800
7236
1560
3035
4562
2126
381
684
2824
8557
7997
5902
6944
4192
4753
7571
1676
7955
5638
3805
1230
3050
3222
3828
6403
7382
6973
1615
4282
415
2856
3603
49
1928
3338
3847
6985
2214
1376
4616
2514
1542
937
4805
2417
8889
6501
2891
243
214
1857
559
2949
4299
2464
510
5933
4112
5699
6253
567
8675
6405
4804
7163
373
9557
304
488
1905
903
4090
9951
1504
6102
4696
2899
8686
6087
5900
8544
5340
7973
5344
8106
8756
9309
5201
2604
7881
4184
8172
6568
9480
2526
4301
5165
2749
6780
2432
4195
6409
1596
9905
6011
7991
5211
813
9644
9633
1088
704
283
2591
7914
8069
9204
810
7666
586
3510
3306
7258
4904
3696
2326
8712
1015
7631
2183
4509
7028
69
3788
2432
5212
9946
5595
4088
2494
6298
8741
8403
1035
7357
4318
2541
7398
8936
3141
3481
6576
5945
3477
2794
6036
9541
1115
9486
7893
656
2572
412
1058
5812
5842
2853
5108
7184
8397
4993
5648
7975
1112
5034
3466
2361
1331
7247
3075
5379
3768
1451
7260
5581
2904
3838
5512
9438
7652
2153
2914
317
1839
9582
9281
3153
6422
2638
4235
4723
7956
7491
8450
790
1517
7060
6629
2910
6051
4361
356
8871
239
8587
4849
6066
3009
1189
5872
3933
2726
9646
5823
202
1044
3724
4627
3265
9228
1284
1507
2085
807
1616
5566
4781
9226
7005
2112
9908
6722
6862
1752
8806
9127
9168
837
2193
8818
2756
5434
5551
4327
6543
9651
867
9738
3313
2200
4056
5476
868
9018
8356
6308
8858
3852
9473
5985
8999
9332
9752
3492
2660
6900
948
6373
9488
8479
5028
1142
1377
6907
1292
8876
5743
5975
4931
2883
7614
5831
3617
6899
9353
9107
8402
6404
4249
2249
4402
9465
3985
8604
2687
4823
9837
6313
8908
9237
2923
7394
4632
8007
6344
9743
634
4046
8689
4795
2455
9560
3240
7651
1427
3206
2120
2433
5819
8063
4355
9931
6153
5803
4967
1223
8422
1437
8962
3717
1112
186
107
6821
4852
2580
4303
736
6058
9151
9580
7013
3499
6213
171
6621
7160
4054
5600
2551
4958
2269
8776
3874
2686
6327
8511
9086
4645
4019
6004
8612
3899
1878
7790
6820
3883
8181
5231
2283
8551
6993
7811
9873
4662
278
5091
120
8543
1230
3857
3899
2999
7089
9366
9048
4727
7867
6145
506
5548
6153
9868
1777
6740
9412
9812
4047
5706
4405
9138
7350
710
1558
7669
4311
7706
775
9047
4671
517
6397
1088
5210
6440
6295
606
9351
4168
7240
824
2825
4727
801
8938
2368
3477
1600
2794
6564
4278
6110
6405
1442
8779
6184
8186
44
7716
3203
3479
5694
8145
1227
4379
8846
3717
9217
466
6185
1785
3860
6037
7030
751
4617
7295
4943
2792
9766
5998
1182
8009
777
2544
3454
4266
4451
4864
7394
5979
4133
5636
7575
1847
8598
3924
9649
12
9732
3832
3215
5684
6960
9264
6716
1431
2480
1011
7456
9530
3667
5372
6720
2213
3567
7029
7248
4507
8400
2740
407
4659
2835
632
9563
8893
8215
9643
9100
7985
5886
7269
4770
6116
6761
5287
9479
9
8246
2169
2598
72
7737
1527
2653
5040
2960
3610
6814
7441
5449
9540
1183
7025
6363
5569
2728
5774
6942
2009
4907
9308
6912
6556
6408
660
6056
9202
7404
2027
8748
4719
5749
5265
8376
9438
1739
6162
1275
9062
8825
8264
4884
207
3407
1840
4309
9429
3495
8734
3149
6490
5487
5299
1866
51
2175
3874
2228
2901
7860
146
4831
3783
7342
4307
1993
7274
5103
6752
8463
5717
5512
6728
1706
534
154
4039
6252
9550
3201
6477
2269
6144
406
5770
718
6118
516
8826
5047
1231
4351
5215
5654
3222
6279
2496
782
7584
2370
3770
502
1694
5300
4119
3826
3835
5538
4912
6641
3515
1039
6789
7487
6019
5628
5026
6478
9142
4777
3125
5109
329
465
7680
7882
3034
6413
8550
3770
6327
3149
7478
1644
3975
4656
8473
4657
8847
9772
6008
2435
491
9316
8947
1922
664
9785
9497
1199
8789
544
6572
4067
5955
8981
4053
6908
6755
195
7458
1188
4106
2448
8486
1348
4549
7811
5162
9034
8438
1782
8934
1982
9543
1643
9316
7243
1855
4189
5913
6615
2210
972
1747
845
1359
1482
2771
3207
4857
685
7959
1667
6017
1326
5943
8073
1048
5031
9898
6087
9269
338
3393
7464
505
1292
2911
7383
792
9089
9772
1990
1824
499
4070
253
3993
9889
7110
2258
5749
8151
9157
8877
4066
951
5789
5205
6213
1785
9494
3335
9828
3184
7888
4040
4542
7021
7575
319
5076
9699
3038
4551
2264
383
1985
7368
8720
9788
7778
4726
2873
1510
1660
7467
9724
7950
9046
6936
371
6653
7591
681
8186
9838
8584
4390
9994
4587
8284
3801
4384
8402
5635
9874
6139
602
9133
3473
6066
8068
541
9721
3193
5848
8468
811
2358
1503
8752
5723
5156
9513
6702
4948
403
9668
7872
3347
3084
4196
5396
1782
218
1539
6137
2081
9747
5526
5147
7978
3975
5822
4647
163
9327
4406
3485
1020
8497
4340
5110
5340
5122
8101
7300
753
2428
9794
7932
8939
9800
7862
7099
7906
7730
7845
9407
6615
570
8377
7407
8850
3076
7508
3180
78
7864
5196
3624
1531
1181
5283
1164
9424
739
3495
3573
6689
4176
6128
9130
1154
4791
1022
628
8779
1854
759
2720
948
5859
9421
3715
5158
9340
9807
9306
2330
9417
3733
3157
9743
6567
9354
2333
5084
9914
4816
9171
173
3210
2589
3324
6358
8109
3990
7292
1462
8631
2067
7527
4202
4466
8889
3601
2142
2744
4763
2637
7902
3279
7090
8256
1253
5283
3590
511
459
8628
5990
6612
2848
6029
7193
899
1842
5599
1990
4791
7483
8393
5645
5408
766
5822
2871
9772
3274
1234
7132
7647
799
7919
2188
4114
4456
2318
6585
6264
7307
5691
6114
4944
2537
1594
2803
678
5300
8595
4323
7725
5344
5541
5314
7365
7240
7339
7318
1149
2631
1306
3828
2892
1184
2642
7558
5184
2232
6076
2565
3388
4017
7876
3590
9733
7064
7304
9085
7018
7854
3248
4253
9565
7095
4948
5829
7771
6395
6404
6192
5219
2493
671
834
9556
7045
4373
1486
7570
1146
7546
9623
9703
3140
417
2134
9623
7814
7411
6278
2329
9263
6422
2421
6997
8563
2670
1924
1267
5782
7890
8790
1623
8752
3705
7350
6332
1121
5282
6581
8232
8098
2491
9943
8031
2140
675
4653
402
8463
9867
7800
8706
4236
2913
7210
893
729
8374
9465
9203
4970
7358
6106
9724
5530
2805
8657
5805
773
6596
2341
6182
2826
9762
4504
9516
1142
6698
3683
3199
1104
7739
2449
5394
1430
1812
165
8490
4544
5601
9614
9955
5976
2773
5523
7811
716
7636
2354
5929
8943
3230
6024
6086
7615
8050
6296
3879
4137
2379
7741
7206
1585
5144
5879
3644
8759
9077
4293
4215
5721
942
9613
1616
4307
7630
5057
3642
582
9354
6305
9328
241
4010
9583
5839
1294
2681
7023
2384
4892
8291
36
1081
5297
8014
8844
6551
9032
3515
1804
2051
2835
6575
8572
7327
9852
5356
7567
8026
8645
8107
18
9582
2835
742
4401
8873
6866
446
5135
4782
7670
3840
7171
1788
9738
1467
9014
202
3997
7680
2990
776
1602
9192
1156
6078
6705
4594
2774
6738
1856
9148
3419
4621
6021
1080
3560
6455
2483
7561
2426
7829
7162
4129
7395
6513
3712
2171
1902
9499
9891
3507
7705
542
9233
1127
8470
6003
9548
6926
2434
9604
487
3604
376
5297
2191
6608
1799
7020
2086
7169
114
5317
6115
1186
9592
8937
5420
9670
9532
1033
7887
3389
5373
5325
1779
6890
7892
9207
6712
1411
6776
3344
1459
3597
319
7015
8528
5477
7848
7813
6993
7543
5298
973
3631
6700
1670
1889
6168
8811
8450
6992
5341
0
324
1746
356
8293
4773
9048
7000
9572
4389
7172
9534
4280
1081
2974
2548
4256
7250
5320
4357
9045
1944
9356
1285
763
2142
4055
6935
2269
9508
2650
719
6259
4140
7250
5086
8407
3949
2146
7760
1828
4351
9980
1751
2369
1825
9688
9859
6067
6208
3269
8261
2918
1961
2978
4780
1351
4504
3370
5192
166
355
2582
2767
7936
1904
9946
9975
3312
9437
557
815
2559
5884
2817
9807
8974
421
1805
1400
1155
8827
4110
9356
884
6135
8406
6244
2092
4003
5513
7202
730
352
8960
6526
5986
8581
439
831
7918
2891
1021
3356
2651
9901
7815
5172
987
8711
76
2837
866
3405
9407
5341
7918
841
2418
1379
9770
6347
1221
3811
4797
2540
2373
178
2394
448
6181
9677
1372
893
9787
706
6269
2156
6700
5937
9255
9782
2633
5398
588
4763
2467
9583
2218
3817
1116
2928
3536
1003
4450
5164
8660
5079
9363
4348
6683
1501
2133
9143
2136
4397
9113
8892
9598
5253
8942
1592
6886
2075
6571
9495
9047
2614
706
3765
2870
8493
1479
8667
1465
3026
1828
8745
6112
1067
4796
4950
3948
5680
7903
8226
624
2527
2895
9257
2960
1225
1712
2307
9302
2875
3752
4557
1758
7816
9702
949
1639
9599
298
1180
9599
9774
2366
9687
1596
5394
7791
2093
4952
8486
4034
9175
2761
7314
2818
9500
6838
8338
2272
5305
39
2694
5918
8238
9975
503
2203
7984
7551
8765
9107
5720
5008
1381
4384
3672
4450
1645
3540
3878
5254
1247
3432
7764
9670
2775
9454
4214
7019
5912
7496
2037
4267
8501
7658
1663
9353
7877
4130
3428
7723
8156
2727
4590
6599
2109
4289
2348
604
4665
7194
3096
1564
3670
2672
7763
8214
3829
806
2199
9055
5150
7087
2239
5081
4685
3961
4573
1570
6973
4915
7844
9795
7727
9984
477
7509
8362
8130
6258
424
6196
3729
8495
3973
2534
4161
2245
2259
4192
6751
3834
7869
8154
7302
2009
256
5936
6415
8419
1786
5951
7032
5974
8635
6998
7816
939
8206
3399
3933
3345
5207
7078
1730
2280
9878
4755
5723
4132
9907
7496
283
7272
8371
1675
9635
4024
7457
8320
1380
781
2695
6808
8250
2241
6492
124
5839
2447
6426
786
6264
8
9482
8799
3494
6812
7394
5295
3007
712
2034
5066
243
629
111
243
6599
5986
4151
7153
7258
6003
6034
2763
9429
823
9347
2161
8027
2041
8858
3720
7213
1880
3917
7569
5766
7350
1136
7122
360
7650
9564
9576
3021
2390
3037
170
4274
990
360
3710
3633
4205
6412
725
7991
3508
1215
8502
8717
1916
9929
7009
9158
2467
1518
8093
7577
2941
1076
1360
108
182
8239
2223
670
6902
8033
7895
6885
2987
5104
2518
7985
9715
581
4726
3369
9215
8930
3554
5484
4616
6289
1516
2579
7510
4081
9878
7094
1854
296
3323
5596
6547
4427
4607
3779
3388
858
9286
9301
486
6527
2365
7616
8085
808
3528
6803
8541
3342
3299
9192
6879
1944
6697
9446
6948
5104
1953
6752
7985
6294
964
7873
3109
721
6861
8809
1136
3177
9905
2863
9157
5118
289
3773
6253
9523
3540
4722
5653
7640
7637
8167
1361
4013
8230
3834
4129
3047
3315
4417
6226
7464
3042
7985
7561
9658
1682
9381
6412
1425
9700
5934
766
5820
3783
8262
2027
4952
9186
8129
357
9994
4464
8100
5707
2598
6616
9057
1022
3502
4980
21
4678
4115
5502
2208
4424
1720
6332
535
6745
4597
3910
9948
938
9433
1518
6505
1463
8595
3227
518
8170
6143
2514
6013
8706
7482
2585
4539
4963
5404
2052
9128
221
9915
6062
1406
8200
4060
3578
8315
9404
5717
744
4424
7494
3495
8601
9953
4706
9904
3380
8487
5065
5718
6326
9724
5719
4092
8573
1850
3760
7153
5854
5441
2741
3347
4870
3842
6939
4766
1158
7261
8154
6552
6905
3121
4941
4507
2512
2483
6210
3664
2262
9598
4434
9659
6771
5875
3853
4182
7793
179
8366
8397
1320
6354
5573
5502
8615
7237
6873
5297
9371
8154
9296
5947
3067
9983
5188
7148
4976
3257
7192
7797
193
9668
4681
3147
7867
1085
9868
8301
4653
108
9056
5082
4211
3563
6202
7408
908
9671
5028
3764
7110
9673
4182
1072
4579
1569
5528
3849
9511
6171
6809
2506
3811
5779
7823
1650
5341
1221
9573
2054
2818
8934
7362
5771
3573
3397
1351
1632
7930
6783
5214
8024
8412
3122
1408
8582
1278
1225
5625
4043
8642
9910
3522
430
6602
4949
1697
6537
4412
4738
9781
6211
5537
6124
6259
6767
4088
849
1945
9543
8741
5799
6553
8262
7057
3240
2018
54
9782
7370
6935
9839
5529
5225
426
7175
9316
5808
9354
65
3746
4386
236
1229
8473
6591
3841
2379
5312
1929
8408
1754
9148
2906
2351
8848
2829
3034
9821
7799
2318
4871
7281
2011
657
9079
2176
178
7389
56
9822
8259
2643
2921
2164
387
6722
2840
1728
4992
8092
7342
773
7434
2532
4964
9548
7751
450
5355
1969
8904
9740
8552
7435
6642
4528
2686
8853
6137
8550
2857
9265
8456
4204
1816
9056
8094
3604
9843
6961
1938
8221
6711
3766
9527
1575
8904
5156
5672
9516
8803
1412
4727
5012
5893
7742
916
419
9843
1840
76
5473
3435
2241
4836
6998
7752
8701
9568
3475
3803
6746
9727
5723
1328
6064
6953
4193
2529
7972
2812
2746
4524
4234
3278
5912
9562
4303
8857
2534
1460
3255
1332
8996
2602
722
4275
5521
7967
3276
6867
3197
332
2047
160
9485
4708
6546
8291
6509
5869
203
9210
6059
6712
4568
9655
3966
4316
784
1246
4391
2454
8989
1493
2469
7896
1367
3523
7215
8981
8991
7896
7775
7032
9543
3722
5952
3473
4316
5349
8298
1438
372
641
7921
6920
6245
3650
8688
4001
5879
6522
9024
7138
5363
6092
7803
3845
8188
2520
2621
4002
8496
8888
7499
4446
2681
114
8764
9143
233
3256
5310
7664
12
2376
4201
5535
4928
6031
3271
1786
3793
5033
5953
2317
6811
2765
5884
3941
6051
8250
4294
4646
4633
5956
8373
113
1903
5408
9666
3879
3932
7085
6555
9762
546
9202
6506
1762
2059
4441
1421
8349
2861
7417
7741
114
9003
1819
5993
7278
8838
8074
6756
4399
3414
6841
6616
9676
33
4320
1247
9726
7669
1551
9735
4952
8247
4669
6544
206
4482
4768
8799
6742
9704
6857
3846
3387
1609
5901
2939
4615
6328
3011
9069
2887
3727
4572
9020
5856
8051
1299
7723
126
7414
3883
6173
7162
4265
7256
2458
4643
8168
3492
8784
4934
9933
9218
7598
7912
5624
2791
9765
3440
8658
3215
9362
9120
9829
7505
5478
6612
4270
5831
7341
8960
5423
4100
8366
2712
7835
4641
3890
5519
9382
8088
307
1204
6290
6945
433
9412
5923
4446
3815
3420
78
5249
1738
8516
1301
4441
8248
9082
2534
2697
5340
8934
8462
2348
157
1435
365
4082
3532
9941
2086
8214
347
8096
3052
6782
722
762
1987
7883
2596
4376
2650
6772
5816
5143
4479
7657
4216
9688
8473
256
3232
1115
4661
5350
5759
6408
6951
8727
6673
2869
2193
6809
4255
4428
8729
2735
8942
6118
6941
9318
4717
1625
313
3615
8327
7078
9734
4796
955
269
30
2087
126
6714
6432
2240
3467
4266
6246
7876
5915
8210
5378
7271
9710
9042
7987
9592
2723
4555
983
2122
7
9831
5428
7465
9364
1636
6768
5319
7089
3291
8538
8210
5795
6351
5551
2283
4232
348
2114
5530
3821
1532
9911
2369
3139
5946
3556
2909
1120
7955
6539
6816
9475
7243
4240
6420
3512
9880
9783
8676
4962
7443
4812
6049
8951
7108
4762
3428
5570
9130
7732
1025
4633
3993
1288
7851
3761
1433
9767
635
5715
4622
132
7366
377
6212
1265
3641
2929
4904
5320
9221
2538
8918
4332
6478
7851
677
7762
603
7509
3663
391
4003
3922
7480
3946
531
9835
3778
2296
3069
9117
6237
354
8002
9881
1841
2926
4614
6056
1087
3201
1933
3258
26
157
4373
2370
8019
6226
5353
9502
9349
7993
4120
7940
9136
1017
6375
7150
2874
8877
2017
6749
5740
1044
7204
509
6376
1118
7105
2908
2041
6360
4957
7084
2237
8896
6996
2966
5125
2184
4644
2862
1344
7260
4514
3552
6909
9405
7259
8533
5295
4666
3007
7406
8563
7289
4958
8658
7736
8056
5459
8508
9278
9290
8011
1250
5406
1178
4200
7108
6366
8852
5084
4336
4101
1056
4054
159
4836
7682
5060
9878
7949
8682
1613
6363
8865
4137
4583
3219
9667
5134
8275
2793
6412
1717
7937
8577
5439
7527
7212
7088
4463
3062
9216
7781
7891
2220
7771
5103
9463
158
6456
5904
7327
7657
5794
720
8339
309
1424
5561
9777
5202
7698
1342
3696
4640
2185
7120
6745
4747
5248
8480
5724
5606
5227
2909
7817
3750
6087
8778
669
5999
2087
7012
9588
1603
8775
9904
4636
7003
3632
6438
8284
1881
2670
8859
3360
6426
953
7706
7291
7281
2823
3213
7423
8288
4641
4691
9330
6731
7643
2392
3525
9939
9900
9562
1974
3154
518
8276
8300
6892
9710
6670
1108
3
2408
1126
4973
9360
4090
1244
3232
9800
5440
6862
8572
1549
9099
1062
5149
8947
8336
8562
4606
742
5409
9990
3502
8024
1036
8378
4576
9654
4954
1071
4733
8787
8507
12
6862
8434
437
6137
5901
961
2504
1583
6212
3591
9632
4152
4554
4721
2066
4101
7521
8543
7083
7358
5487
6269
7748
3438
2091
9024
1416
5968
427
3363
2633
489
602
7644
8834
7466
-1
